-0.45	-0.176	0.797	0.62	-0.45
-0.726	-3.46	7.57	3.93	-1.63
-0.725	-3.46	7.56	3.93	-1.62
-0.725	-3.46	7.56	3.93	-1.62
-0.723	-3.46	7.56	3.93	-1.62
-0.722	-3.46	7.56	3.93	-1.62
-0.722	-3.46	7.56	3.93	-1.62
-0.72	-3.46	7.56	3.93	-1.62
-0.719	-3.46	7.56	3.93	-1.62
-0.718	-3.46	7.56	3.93	-1.62
-0.716	-3.46	7.55	3.94	-1.62
-0.715	-3.46	7.55	3.94	-1.62
-0.714	-3.46	7.55	3.94	-1.62
-0.714	-3.46	7.55	3.94	-1.62
-0.711	-3.45	7.55	3.94	-1.61
-0.709	-3.45	7.55	3.94	-1.61
-0.709	-3.45	7.55	3.94	-1.61
-0.708	-3.45	7.55	3.94	-1.61
-0.705	-3.45	7.54	3.94	-1.61
-0.703	-3.45	7.54	3.94	-1.61
-0.702	-3.45	7.54	3.94	-1.61
-0.702	-3.45	7.54	3.94	-1.61
-0.698	-3.45	7.53	3.95	-1.6
-0.696	-3.45	7.53	3.95	-1.6
-0.696	-3.45	7.53	3.95	-1.6
-0.695	-3.45	7.53	3.95	-1.6
-0.691	-3.45	7.52	3.95	-1.6
-0.689	-3.45	7.52	3.95	-1.59
-0.688	-3.45	7.52	3.95	-1.59
-0.688	-3.45	7.52	3.95	-1.59
-0.683	-3.45	7.51	3.95	-1.59
-0.681	-3.45	7.51	3.95	-1.59
-0.68	-3.45	7.51	3.95	-1.59
-0.679	-3.45	7.51	3.95	-1.59
-0.674	-3.44	7.5	3.96	-1.58
-0.672	-3.44	7.5	3.96	-1.58
-0.671	-3.44	7.5	3.96	-1.58
-0.671	-3.44	7.5	3.96	-1.58
-0.665	-3.44	7.49	3.96	-1.57
-0.663	-3.44	7.49	3.96	-1.57
-0.662	-3.44	7.49	3.96	-1.57
-0.662	-3.44	7.49	3.96	-1.57
-0.656	-3.44	7.48	3.97	-1.57
-0.653	-3.44	7.48	3.97	-1.57
-0.652	-3.44	7.48	3.97	-1.56
-0.652	-3.44	7.48	3.97	-1.56
-0.646	-3.44	7.47	3.98	-1.56
-0.644	-3.44	7.47	3.98	-1.56
-0.643	-3.44	7.47	3.98	-1.56
-0.642	-3.44	7.47	3.98	-1.56
-0.636	-3.43	7.46	3.98	-1.55
-0.633	-3.43	7.46	3.98	-1.55
-0.632	-3.43	7.46	3.98	-1.55
-0.632	-3.43	7.46	3.98	-1.55
-0.626	-3.43	7.44	3.99	-1.54
-0.623	-3.43	7.44	3.99	-1.54
-0.622	-3.43	7.44	3.99	-1.54
-0.622	-3.43	7.44	3.99	-1.54
-0.615	-3.43	7.43	4	-1.53
-0.612	-3.43	7.43	4	-1.53
-0.611	-3.43	7.43	4	-1.53
-0.611	-3.43	7.43	4	-1.53
-0.604	-3.43	7.42	4.01	-1.53
-0.602	-3.42	7.42	4.01	-1.52
-0.601	-3.42	7.42	4.01	-1.52
-0.6	-3.42	7.42	4.01	-1.52
-0.594	-3.42	7.4	4.02	-1.52
-0.591	-3.42	7.4	4.02	-1.52
-0.59	-3.42	7.4	4.02	-1.51
-0.59	-3.42	7.4	4.02	-1.51
-0.583	-3.42	7.39	4.02	-1.51
-0.58	-3.42	7.39	4.02	-1.51
-0.579	-3.42	7.39	4.02	-1.51
-0.579	-3.42	7.39	4.02	-1.51
-0.572	-3.42	7.38	4.03	-1.5
-0.57	-3.42	7.38	4.03	-1.5
-0.569	-3.42	7.38	4.03	-1.5
-0.568	-3.42	7.38	4.03	-1.5
-0.561	-3.41	7.36	4.04	-1.49
-0.559	-3.41	7.36	4.04	-1.49
-0.558	-3.41	7.36	4.04	-1.49
-0.558	-3.41	7.36	4.04	-1.49
-0.551	-3.41	7.35	4.05	-1.49
-0.548	-3.41	7.35	4.05	-1.48
-0.547	-3.41	7.35	4.05	-1.48
-0.547	-3.41	7.35	4.05	-1.48
-0.54	-3.41	7.34	4.06	-1.48
-0.538	-3.41	7.34	4.06	-1.48
-0.537	-3.41	7.34	4.06	-1.48
-0.537	-3.41	7.34	4.06	-1.47
-0.53	-3.4	7.32	4.07	-1.47
-0.528	-3.4	7.32	4.07	-1.47
-0.527	-3.4	7.32	4.07	-1.47
-0.527	-3.4	7.32	4.07	-1.47
-0.52	-3.4	7.31	4.08	-1.46
-0.518	-3.4	7.31	4.08	-1.46
-0.517	-3.4	7.31	4.08	-1.46
-0.517	-3.4	7.31	4.08	-1.46
-0.51	-3.4	7.3	4.09	-1.46
-0.508	-3.4	7.3	4.09	-1.45
-0.507	-3.4	7.3	4.09	-1.45
-0.507	-3.4	7.3	4.09	-1.45
-0.5	-3.4	7.28	4.1	-1.45
-0.498	-3.4	7.28	4.1	-1.45
-0.498	-3.4	7.28	4.1	-1.45
-0.497	-3.4	7.28	4.1	-1.45
-0.491	-3.39	7.27	4.11	-1.44
-0.489	-3.39	7.27	4.11	-1.44
-0.488	-3.39	7.27	4.11	-1.44
-0.488	-3.39	7.27	4.11	-1.44
-0.482	-3.39	7.26	4.12	-1.44
-0.48	-3.39	7.26	4.12	-1.43
-0.479	-3.39	7.26	4.12	-1.43
-0.479	-3.39	7.26	4.12	-1.43
-0.473	-3.39	7.25	4.13	-1.43
-0.471	-3.39	7.25	4.13	-1.43
-0.471	-3.39	7.25	4.13	-1.43
-0.471	-3.39	7.25	4.13	-1.43
-0.465	-3.38	7.23	4.14	-1.42
-0.463	-3.38	7.23	4.14	-1.42
-0.463	-3.38	7.23	4.14	-1.42
-0.462	-3.38	7.23	4.14	-1.42
-0.457	-3.38	7.22	4.15	-1.42
-0.455	-3.38	7.22	4.15	-1.42
-0.455	-3.38	7.22	4.15	-1.42
-0.449	-3.38	7.21	4.16	-1.41
-0.448	-3.38	7.21	4.16	-1.41
-0.447	-3.38	7.21	4.16	-1.41
-0.442	-3.37	7.2	4.17	-1.41
-0.44	-3.37	7.2	4.17	-1.41
-0.44	-3.37	7.2	4.17	-1.41
-0.435	-3.37	7.19	4.18	-1.4
-0.434	-3.37	7.19	4.18	-1.4
-0.433	-3.37	7.19	4.18	-1.4
-0.429	-3.37	7.18	4.19	-1.4
-0.427	-3.37	7.18	4.19	-1.4
-0.427	-3.37	7.18	4.19	-1.4
-0.423	-3.37	7.17	4.2	-1.4
-0.421	-3.37	7.17	4.2	-1.4
-0.421	-3.37	7.17	4.2	-1.39
-0.417	-3.36	7.16	4.21	-1.39
-0.416	-3.36	7.16	4.21	-1.39
-0.415	-3.36	7.16	4.21	-1.39
-0.412	-3.36	7.16	4.22	-1.39
-0.41	-3.36	7.16	4.22	-1.39
-0.41	-3.36	7.16	4.22	-1.39
-0.407	-3.36	7.15	4.23	-1.39
-0.406	-3.36	7.15	4.23	-1.39
-0.405	-3.36	7.15	4.23	-1.39
-0.402	-3.36	7.14	4.23	-1.38
-0.401	-3.36	7.14	4.23	-1.38
-0.401	-3.36	7.14	4.23	-1.38
-0.398	-3.36	7.14	4.24	-1.38
-0.397	-3.36	7.14	4.24	-1.38
-0.397	-3.36	7.14	4.24	-1.38
-0.395	-3.35	7.13	4.24	-1.38
-0.394	-3.35	7.13	4.24	-1.38
-0.394	-3.35	7.13	4.24	-1.38
-0.392	-3.35	7.13	4.25	-1.38
-0.391	-3.35	7.13	4.25	-1.38
-0.391	-3.35	7.13	4.25	-1.38
-0.389	-3.35	7.12	4.25	-1.38
-0.389	-3.35	7.12	4.25	-1.37
-0.387	-3.35	7.12	4.26	-1.37
-0.387	-3.35	7.12	4.26	-1.37
-0.386	-3.35	7.12	4.26	-1.37
-0.385	-3.35	7.12	4.26	-1.37
-0.385	-3.35	7.12	4.26	-1.37
-0.385	-3.35	7.12	4.26	-1.37
-0.384	-3.35	7.12	4.26	-1.37
-0.384	-3.31	7.07	4.2	-1.42
-0.385	-3.31	7.07	4.2	-1.42
-0.385	-3.3	7.07	4.2	-1.42
-0.386	-3.3	7.07	4.2	-1.42
-0.386	-3.3	7.08	4.2	-1.42
-0.386	-3.3	7.08	4.2	-1.42
-0.387	-3.29	7.08	4.2	-1.42
-0.387	-3.29	7.08	4.2	-1.42
-0.388	-3.29	7.09	4.2	-1.42
-0.388	-3.29	7.09	4.2	-1.42
-0.389	-3.28	7.09	4.2	-1.42
-0.389	-3.28	7.09	4.2	-1.42
-0.39	-3.28	7.1	4.2	-1.42
-0.39	-3.28	7.09	4.2	-1.42
-0.391	-3.27	7.1	4.19	-1.42
-0.391	-3.27	7.1	4.19	-1.42
-0.392	-3.27	7.11	4.19	-1.42
-0.393	-3.27	7.11	4.19	-1.42
-0.394	-3.26	7.11	4.19	-1.42
-0.394	-3.26	7.11	4.19	-1.42
-0.395	-3.25	7.12	4.19	-1.42
-0.396	-3.25	7.12	4.19	-1.42
-0.397	-3.24	7.12	4.19	-1.42
-0.397	-3.24	7.12	4.19	-1.42
-0.399	-3.24	7.13	4.19	-1.43
-0.399	-3.24	7.13	4.19	-1.43
-0.4	-3.23	7.14	4.19	-1.43
-0.401	-3.23	7.14	4.19	-1.43
-0.402	-3.22	7.14	4.19	-1.43
-0.403	-3.22	7.14	4.19	-1.43
-0.404	-3.21	7.15	4.19	-1.43
-0.405	-3.21	7.15	4.19	-1.43
-0.405	-3.21	7.15	4.19	-1.43
-0.407	-3.2	7.16	4.19	-1.43
-0.407	-3.2	7.16	4.19	-1.43
-0.407	-3.2	7.16	4.19	-1.43
-0.409	-3.19	7.17	4.2	-1.43
-0.409	-3.19	7.17	4.2	-1.43
-0.409	-3.19	7.17	4.2	-1.43
-0.411	-3.18	7.17	4.2	-1.43
-0.412	-3.18	7.17	4.2	-1.43
-0.412	-3.18	7.17	4.2	-1.43
-0.413	-3.17	7.18	4.2	-1.44
-0.414	-3.17	7.18	4.2	-1.44
-0.414	-3.17	7.18	4.2	-1.44
-0.416	-3.16	7.18	4.2	-1.44
-0.417	-3.16	7.18	4.2	-1.44
-0.417	-3.16	7.18	4.2	-1.44
-0.418	-3.15	7.19	4.2	-1.44
-0.419	-3.15	7.19	4.2	-1.44
-0.419	-3.15	7.19	4.2	-1.44
-0.421	-3.14	7.2	4.2	-1.44
-0.422	-3.14	7.2	4.2	-1.44
-0.422	-3.14	7.2	4.2	-1.44
-0.424	-3.13	7.2	4.21	-1.44
-0.424	-3.13	7.2	4.21	-1.44
-0.425	-3.13	7.2	4.21	-1.44
-0.427	-3.12	7.21	4.21	-1.45
-0.427	-3.12	7.21	4.21	-1.45
-0.428	-3.12	7.21	4.21	-1.45
-0.429	-3.11	7.21	4.21	-1.45
-0.43	-3.11	7.21	4.21	-1.45
-0.43	-3.11	7.21	4.21	-1.45
-0.432	-3.1	7.22	4.21	-1.45
-0.433	-3.1	7.22	4.21	-1.45
-0.433	-3.1	7.22	4.21	-1.45
-0.435	-3.09	7.22	4.22	-1.45
-0.436	-3.09	7.22	4.22	-1.45
-0.436	-3.09	7.22	4.22	-1.45
-0.438	-3.08	7.23	4.22	-1.46
-0.439	-3.08	7.23	4.22	-1.46
-0.439	-3.08	7.23	4.22	-1.46
-0.441	-3.07	7.23	4.22	-1.46
-0.442	-3.07	7.23	4.22	-1.46
-0.442	-3.07	7.23	4.22	-1.46
-0.444	-3.06	7.24	4.23	-1.46
-0.445	-3.06	7.24	4.23	-1.46
-0.445	-3.06	7.24	4.23	-1.46
-0.447	-3.05	7.24	4.23	-1.46
-0.448	-3.05	7.24	4.23	-1.46
-0.448	-3.05	7.24	4.23	-1.46
-0.45	-3.04	7.24	4.23	-1.47
-0.451	-3.04	7.24	4.23	-1.47
-0.451	-3.04	7.24	4.23	-1.47
-0.453	-3.03	7.25	4.24	-1.47
-0.454	-3.03	7.25	4.24	-1.47
-0.454	-3.03	7.25	4.24	-1.47
-0.456	-3.02	7.25	4.24	-1.47
-0.457	-3.02	7.25	4.24	-1.47
-0.457	-3.02	7.25	4.24	-1.47
-0.459	-3.02	7.25	4.24	-1.47
-0.46	-3.02	7.25	4.24	-1.47
-0.46	-3.02	7.25	4.24	-1.47
-0.462	-3.01	7.26	4.25	-1.48
-0.462	-3.01	7.26	4.25	-1.48
-0.463	-3.01	7.26	4.25	-1.48
-0.464	-3	7.26	4.25	-1.48
-0.465	-3	7.26	4.25	-1.48
-0.465	-3	7.26	4.25	-1.48
-0.467	-3	7.26	4.25	-1.48
-0.467	-3	7.26	4.25	-1.48
-0.468	-3	7.26	4.25	-1.48
-0.469	-2.99	7.26	4.25	-1.48
-0.47	-2.99	7.26	4.25	-1.48
-0.47	-2.99	7.26	4.25	-1.48
-0.471	-2.99	7.26	4.26	-1.49
-0.472	-2.99	7.26	4.26	-1.49
-0.472	-2.99	7.26	4.26	-1.49
-0.473	-2.98	7.26	4.26	-1.49
-0.474	-2.98	7.26	4.26	-1.49
-0.474	-2.98	7.26	4.26	-1.49
-0.475	-2.98	7.26	4.26	-1.49
-0.475	-2.98	7.26	4.26	-1.49
-0.475	-2.98	7.26	4.26	-1.49
-0.476	-2.98	7.27	4.26	-1.49
-0.476	-2.98	7.27	4.26	-1.49
-0.477	-2.97	7.27	4.26	-1.49
-0.477	-2.97	7.27	4.26	-1.49
-0.478	-2.97	7.27	4.26	-1.49
-0.478	-2.97	7.27	4.26	-1.49
-0.478	-2.97	7.27	4.26	-1.49
